3.3583804808
2.0776180786
1.9301524606
4.5841774521
6.511075628
4.2527615478
4.5548466158
4.3979743083
1.9399693288
2.3090295279
3.7914718082
6.1094891684
1.512558265
9.1126923013
3.3032494613
4.1946910325
2.0857696258
3.5895954287
4.6427779037
2.2308499964
4.358811979
5.7392254818
2.1601317197
1.972140981
27.7050711693
42.6473913293
5.7535943799
6.4749984658
6.115741594
5.5986600502
6.3584471408
5.7578055715
5.9491746868
5.9287264434
5.9683494778
5.6464266698
2.0130270083
6.0095016186
8.0634895744
2.298657776
4.1339441905
2.0721535168

